5
1 0 1 1 2

5
2 2 3 4 5

10
6 7 8 3 4 2 6 7 1 8

10
8 1 7 6 2 4 3 8 7 6


5 
2 2 2 1 2

5 
2 2 2 2 1

0

5
2 2 1 2 2

5 
1 1 1 1 1

5
1 1 2 1 1

5 
2 1 2 2 2

5
1 2 2 2 2


0


10
8 1 7 6 2 4 3 8 7 6

9
1 2 3 6 4 8 1 2 3 


0




5 
2 2 2 1 2

5 
2 2 2 2 1

0
10
8 1 7 6 2 4 3 8 7 6

9
1 2 3 6 4 8 1 2 3 


0

7 2 1 4 5 1 3 3
4 1000 1000 1000 1000
0

14        				
7 4 2 5 1 2 5 5 3 1 2 3 4 5		
2					
3 8					
1 5			

10000
1 3 0
4 2 5
7 8 6

2 3 2 2
4 2 2 2
2 2 2 2
2 2 2 2 

5 5 4 5
5 5 5 3
5 5 5 5
5 5 5 5 

2 1 2 2
0 2 2 2
2 2 2 2
2 2 2 2

0 1 0 0
2 0 0 0
0 0 0 0
0 0 0 0 

2 1 2 2
0 2 2 2
2 2 2 2
2 2 2 2

0 1 0 0
2 0 0 0
0 0 0 0
0 0 0 0 

2 1 2 2
0 2 2 2
2 2 2 2
2 2 2 2



1 3 3 3 
1 3 3 3
1 2 2 2
1 2 2 2

3 3 3 5 
3 3 3 5
4 4 4 5
4 4 4 5

3 3 3 3 
3 3 3 3
2 2 2 2
2 2 2 2

3 3 3 3 
3 3 3 3
2 2 2 2
2 2 2 2

3 3 3 3 
3 3 3 3
2 2 2 2
2 2 2 2

3 3 3 3 
3 3 3 3
2 2 2 2
2 2 2 2




3 3 3 3
3 3 3 3
3 3 3 3
3 3 3 3

4 4 4 5
4 4 4 4
4 4 4 4
4 4 4 4

1 1 1 1
1 1 1 1
1 1 1 1 
2 1 1 1

4 4 4 4
4 4 4 4
4 4 4 4
4 4 4 3

1 1 1 1
0 0 0 0
1 1 0 1 
1 1 0 1

6 6 6 6
7 7 7 7
6 6 7 6
6 6 7 6 

0 0 0 0
0 0 0 0
0 0 0 0
0 0 0 0

0 0 0 0
0 0 0 0
0 0 0 0
0 0 0 0

0 0 0 0
0 0 0 0
0 0 0 0
0 0 0 0

0 0 0 0
0 0 0 0
0 0 0 0
0 0 0 0

0 0 0 0
0 0 0 0
0 0 0 0
0 0 0 0






15
1 2 3 4 5 6 7 8 9 10 11 12 13 14 15
4
1 2 3 15

8
34 8 232 54 3 6 11 4
4
34 232 54 11



6
2 9 34 1
3 9 0 -9 8 -2 5 4 9 -8 -3 2 4 0 9 5 -7  2 3 0 9 -8 4 7 0 9 -2 -3 -8 -7 -4 5 37 4 

6
1 1 1 1
1 1 1 1
1 1 1 1
1 1 1 1
1 1 1 1
1 1 1 1
